# col1     col2        
  220.0    0.00245432  
  230.0    0.0116528   
  240.0    0.0109468   
  250.0    0.0104319   
  260.0    0.0105316   
  270.0    0.0112874   
  280.0    0.0107309   
  290.0    0.0114701   
  300.0    0.01049     
  310.0    0.0107226   
  320.0    0.0105648   
  330.0    0.010515    
  340.0    0.00999169  
  350.0    0.0102907   
  360.0    0.0139867   
  370.0    0.0173256   
  380.0    0.0156894   
  390.0    0.0169767   
  400.0    0.0218355   
  410.0    0.0237126   
  420.0    0.0222259   
  430.0    0.021196    
  440.0    0.0232724   
  450.0    0.0238787   
  460.0    0.0219186   
  470.0    0.0220681   
  480.0    0.0234801   
  490.0    0.0218439   
  500.0    0.024211    
  510.0    0.0318937   
  520.0    0.0357558   
  530.0    0.0326578   
  540.0    0.0290282   
  550.0    0.0292027   
  560.0    0.035407    
  570.0    0.0384302   
  580.0    0.0379319   
  590.0    0.0375831   
  600.0    0.0335548   
  610.0    0.0335631   
  620.0    0.0385465   
  630.0    0.0381811   
  640.0    0.0397841   
  650.0    0.0385714   
  660.0    0.0375332   
  670.0    0.0407309   
  680.0    0.0388704   
  690.0    0.0386711   
  700.0    0.037799    
  710.0    0.0379402   
  720.0    0.0423754   
  730.0    0.0425914   
  740.0    0.0420681   
  750.0    0.041304    
  760.0    0.0396346   
  770.0    0.0396096   
  780.0    0.0400997   
  790.0    0.0399834   
  800.0    0.0412708   
  810.0    0.0417027   
  820.0    0.0421761   
  830.0    0.0388289   
  840.0    0.0384551   
  850.0    0.0416113   
  860.0    0.0420183   
  870.0    0.0428156   
  880.0    0.0430482   
  890.0    0.0432807   
  900.0    0.0430897   
  910.0    0.0414452   
  920.0    0.217442    
  930.0    0.395847    
  940.0    0.624169    
  950.0    0.855482    
  960.0    1.03821     
  970.0    0.759053    
  980.0    0.712209    
  990.0    1.01329     
  1000.0   1.10216     
  1010.0   1.19269     
  1020.0   0.902824    
  1030.0   0.818439    
  1040.0   1.24419     
  1050.0   1.47425     
  1060.0   1.34468     
  1070.0   1.30731     
  1080.0   1.30066     
  1090.0   1.31478     
  1100.0   1.39037     
  1110.0   1.35133     
  1120.0   1.27076     
  1130.0   1.3098      
  1140.0   1.36711     
  1150.0   1.33472     
  1160.0   1.35963     
  1170.0   1.17774     
  1180.0   1.14535     
  1190.0   1.19186     
  1200.0   0.988372    
  1210.0   0.74809     
  1220.0   36.7991     
  1230.0   0.920266    
  1240.0   1.49003     
  1250.0   1.60548     
  1260.0   1.43189     
  1270.0   1.61296     
  1280.0   1.63787     
  1290.0   1.6495      
  1300.0   1.39452     
  1310.0   1.52243     
  1320.0   1.60465     
  1330.0   1.45598     
  1340.0   1.62882     
  1350.0   1.53405     
  1360.0   1.4211      
  1370.0   1.34718     
  1380.0   1.30233     
  1390.0   1.10465     
  1400.0   1.24502     
  1410.0   1.31645     
  1420.0   1.25581     
  1430.0   1.25664     
  1440.0   1.29236     
  1450.0   1.26993     
  1460.0   1.25332     
  1470.0   1.30565     
  1480.0   1.32392     
  1490.0   1.37791     
  1500.0   1.2799      
  1510.0   1.28156     
  1520.0   1.27741     
  1530.0   1.02243     
  1540.0   0.822259    
  1550.0   1.19601     
  1560.0   1.28073     
  1570.0   1.19518     
  1580.0   1.19684     
  1590.0   1.18605     
  1600.0   1.12043     
  1610.0   1.04734     
  1620.0   1.05399     
  1630.0   1.0515      
  1640.0   1.06312     
  1650.0   1.07973     
  1660.0   1.02774     
  1670.0   1.02326     
  1680.0   1.10299     
  1690.0   1.07392     
  1700.0   1.04734     
  1710.0   0.987542    
  1720.0   0.959302    
  1730.0   1.03571     
  1740.0   1.05565     
  1750.0   1.04817     
  1760.0   1.05814     
  1770.0   1.04651     
  1780.0   1.04485     
  1790.0   0.922757    
  1800.0   1.01827     
  1810.0   0.98588     
  1820.0   1.00914     
  1830.0   0.989203    
  1840.0   0.94103     
  1850.0   0.898671    
  1860.0   0.883721    
  1870.0   0.908638    
  1880.0   0.884551    
  1890.0   0.845515    
  1900.0   0.833887    
  1910.0   1.2451      
  1920.0   0.799502    
  1930.0   0.79701     
  1940.0   0.83804     
  1950.0   0.835548    
  1960.0   0.81196     
  1970.0   0.809967    
  1980.0   0.830399    
  1990.0   0.81711     
  2000.0   0.795598    
  2010.0   0.779568    
  2020.0   0.79294     
  2030.0   0.771761    
  2040.0   0.766113    
  2050.0   0.74892     
  2060.0   0.695266    
  2070.0   0.726744    
  2080.0   0.7451      
  2090.0   0.729734    
  2100.0   0.670432    
  2110.0   0.700498    
  2120.0   0.684967    
  2130.0   0.690449    
  2140.0   0.666794    
  2150.0   0.639618    
  2160.0   0.641362    
  2170.0   0.612625    
  2180.0   0.600581    
  2190.0   0.625498    
  2200.0   0.664452    
  2210.0   0.621761    
  2220.0   0.589203    
  2230.0   0.599086    
  2240.0   0.597924    
  2250.0   0.59701     
  2260.0   0.615615    
  2270.0   0.599419    
  2280.0   0.617027    
  2290.0   0.619767    
  2300.0   0.600997    
  2310.0   0.625664    
  2320.0   0.617857    
  2330.0   1.32176     
  2340.0   0.600498    
  2350.0   0.59186     
  2360.0   0.614784    
  2370.0   0.606395    
  2380.0   0.585631    
  2390.0   0.557226    
  2400.0   0.578738    
  2410.0   0.560299    
  2420.0   0.579734    
  2430.0   0.616113    
  2440.0   0.6         
  2450.0   0.603654    
  2460.0   0.629236    
  2470.0   0.595598    
  2480.0   0.57907     
  2490.0   0.570515    
  2500.0   0.590781    
  2510.0   0.583223    
  2520.0   0.561628    
  2530.0   0.568189    
  2540.0   0.56304     
  2550.0   0.564535    
  2560.0   0.568189    
  2570.0   0.594435    
  2580.0   0.519767    
  2590.0   0.537542    
  2600.0   0.546927    
  2610.0   0.545681    
  2620.0   0.568023    
  2630.0   0.559219    
  2640.0   0.597093    
  2650.0   0.621096    
  2660.0   0.606561    
  2670.0   0.574585    
  2680.0   0.582475    
  2690.0   0.581395    
  2700.0   0.559884    
  2710.0   0.571429    
  2720.0   0.546013    
  2730.0   0.549834    
  2740.0   0.538123    
  2750.0   0.513953    
  2760.0   0.530731    
  2770.0   0.543688    
  2780.0   0.540033    
  2790.0   0.506977    
  2800.0   0.657558    
  2810.0   0.498339    
  2820.0   0.575581    
  2830.0   0.545266    
  2840.0   0.546761    
  2850.0   0.51686     
  2860.0   0.53613     
  2870.0   0.555233    
  2880.0   0.550498    
  2890.0   0.563372    
  2900.0   0.592442    
  2910.0   0.608056    
  2920.0   0.596346    
  2930.0   0.581811    
  2940.0   0.580897    
  2950.0   0.58015     
  2960.0   0.607143    
  2970.0   0.582309    
  2980.0   0.585714    
  2990.0   0.578405    
  3000.0   0.571429    
  3010.0   0.579153    
  3020.0   0.565615    
  3030.0   0.575332    
  3040.0   0.579236    
  3050.0   0.581395    
  3060.0   0.568189    
  3070.0   0.573505    
  3080.0   0.590449    
  3090.0   0.584053    
  3100.0   0.574585    
  3110.0   0.601744    
  3120.0   0.590282    
  3130.0   0.606312    
  3140.0   0.61113     
  3150.0   0.610631    
  3160.0   0.590116    
  3170.0   0.620432    
  3180.0   0.609718    
  3190.0   0.599419    
  3200.0   0.616113    
  3210.0   0.616777    
  3220.0   0.599751    
  3230.0   0.58505     
  3240.0   0.596844    
  3250.0   0.616196    
  3260.0   0.628488    
  3270.0   0.633306    
  3280.0   0.613289    
  3290.0   0.63397     
  3300.0   0.643272    
  3310.0   0.619934    
  3320.0   0.619103    
  3330.0   0.616694    
  3340.0   0.616113    
  3350.0   0.625664    
  3360.0   0.60598     
  3370.0   0.59402     
  3380.0   0.607392    
  3390.0   0.618522    
  3400.0   0.622342    
  3410.0   0.619103    
  3420.0   0.619934    
  3430.0   0.622425    
  3440.0   0.58912     
  3450.0   0.599003    
  3460.0   0.614701    
  3470.0   0.599419    
  3480.0   0.592276    
  3490.0   0.588953    
  3500.0   0.612874    
  3510.0   0.620515    
  3520.0   0.604319    
  3530.0   0.611213    
  3540.0   0.636462    
  3550.0   0.631063    
  3560.0   0.603738    
  3570.0   0.572841    
  3580.0   0.54402     
  3590.0   0.568272    
  3600.0   0.59892     
  3610.0   0.581894    
  3620.0   0.591196    
  3630.0   0.59809     
  3640.0   0.597176    
  3650.0   0.607724    
  3660.0   0.638704    
  3670.0   0.624917    
  3680.0   0.600249    
  3690.0   0.639028    
  3700.0   0.651802    
  3710.0   0.657741    
  3720.0   0.665831    
  3730.0   11.2474     
  3740.0   0.652741    
  3750.0   0.709635    
  3760.0   0.631063    
  3770.0   0.808638    
  3780.0   0.740698    
  3790.0   0.702409    
  3800.0   0.855565    
  3810.0   0.730565    
  3820.0   0.71088     
  3830.0   0.586711    
  3840.0   0.859219    
  3850.0   0.730482    
  3860.0   0.773588    
  3870.0   1.8245      
  3880.0   0.675914    
  3890.0   1.01204     
  3900.0   0.726993    
  3910.0   0.830565    
  3920.0   0.818771    
  3930.0   0.706811    
  3940.0   0.720598    
  3950.0   0.823007    
  3960.0   0.70191     
  3970.0   1.16238     
  3980.0   0.787375    
  3990.0   0.963455    
  4000.0   1.0191      
  4010.0   1.04236     
  4020.0   1.04817     
  4030.0   1.03073     
  4040.0   1.01744     
  4050.0   1.02076     
  4060.0   0.993355    
  4070.0   1.13189     
  4080.0   0.975083    
  4090.0   0.936047    
  4100.0   1.75133     
  4110.0   0.879568    
  4120.0   0.977575    
  4130.0   0.996678    
  4140.0   0.979236    
  4150.0   0.979236    
  4160.0   0.993355    
  4170.0   0.97093     
  4180.0   0.959302    
  4190.0   0.980897    
  4200.0   0.972591    
  4210.0   1.00166     
  4220.0   0.973422    
  4230.0   0.957641    
  4240.0   1.00332     
  4250.0   0.997508    
  4260.0   0.999169    
  4270.0   0.980066    
  4280.0   0.969269    
  4290.0   0.930233    
  4300.0   0.874585    
  4310.0   0.907807    
  4320.0   0.960133    
  4330.0   0.892857    
  4340.0   2.52326     
  4350.0   0.94103     
  4360.0   1.08303     
  4370.0   1.03904     
  4380.0   0.975083    
  4390.0   0.975083    
  4400.0   0.996678    
  4410.0   1.01661     
  4420.0   1.05233     
  4430.0   1.03239     
  4440.0   1.03654     
  4450.0   1.03904     
  4460.0   0.996678    
  4470.0   1.23314     
  4480.0   1.07973     
  4490.0   1.08721     
  4500.0   1.1005      
  4510.0   1.11545     
  4520.0   1.05731     
  4530.0   1.0191      
  4540.0   1.05731     
  4550.0   1.06395     
  4560.0   1.0897      
  4570.0   1.08306     
  4580.0   1.07973     
  4590.0   1.05648     
  4600.0   1.07226     
  4610.0   1.10714     
  4620.0   1.12209     
  4630.0   1.10133     
  4640.0   1.06561     
  4650.0   1.06146     
  4660.0   1.06645     
  4670.0   1.04734     
  4680.0   1.07309     
  4690.0   1.07143     
  4700.0   1.0515      
  4710.0   1.0515      
  4720.0   1.08389     
  4730.0   1.07807     
  4740.0   1.09884     
  4750.0   1.10548     
  4760.0   1.07309     
  4770.0   1.07226     
  4780.0   1.09385     
  4790.0   1.09635     
  4800.0   1.10382     
  4810.0   1.08721     
  4820.0   1.0897      
  4830.0   1.07641     
  4840.0   1.04236     
  4850.0   0.961794    
  4860.0   4.5515      
  4870.0   0.94103     
  4880.0   1.0         
  4890.0   1.02658     
  4900.0   1.06894     
  4910.0   1.04485     
  4920.0   1.02658     
  4930.0   1.04568     
  4940.0   1.06728     
  4950.0   1.07309     
  4960.0   1.03156     
  4970.0   1.03987     
  4980.0   1.03156     
  4990.0   1.00581     
  5000.0   0.999169    
  5010.0   17.5224     
  5020.0   0.975914    
  5030.0   1.00914     
  5040.0   0.990033    
  5050.0   0.998339    
  5060.0   1.03987     
  5070.0   0.997508    
  5080.0   0.974252    
  5090.0   0.979236    
  5100.0   0.969269    
  5110.0   0.990033    
  5120.0   0.983389    
  5130.0   0.960963    
  5140.0   0.960963    
  5150.0   0.944352    
  5160.0   0.924419    
  5170.0   0.88289     
  5180.0   0.877907    
  5190.0   0.915282    
  5200.0   1.03779     
  5210.0   0.943522    
  5220.0   0.9701      
  5230.0   0.967608    
  5240.0   1.00332     
  5250.0   0.979236    
  5260.0   0.964286    
  5270.0   0.91113     
  5280.0   1.0         
  5290.0   1.01744     
  5300.0   1.03156     
  5310.0   1.04983     
  5320.0   0.995847    
  5330.0   0.965947    
  5340.0   0.998339    
  5350.0   1.01827     
  5360.0   1.04568     
  5370.0   0.993355    
  5380.0   1.0191      
  5390.0   1.00083     
  5400.0   0.964286    
  5410.0   0.975083    
  5420.0   1.00581     
  5430.0   0.997508    
  5440.0   1.01578     
  5450.0   1.00083     
  5460.0   0.993355    
  5470.0   0.98505     
  5480.0   0.971761    
  5490.0   0.996678    
  5500.0   1.0         
  5510.0   0.977575    
  5520.0   1.00997     
  5530.0   1.00498     
  5540.0   1.0191      
  5550.0   1.01744     
  5560.0   1.01329     
  5570.0   0.990864    
  5580.0   0.995847    
  5590.0   0.965947    
  5600.0   0.967608    
  5610.0   0.989203    
  5620.0   0.994186    
  5630.0   0.982558    
  5640.0   0.987542    
  5650.0   1.00415     
  5660.0   0.987542    
  5670.0   0.984219    
  5680.0   1.00249     
  5690.0   1.0108      
  5700.0   0.998339    
  5710.0   0.981728    
  5720.0   1.00166     
  5730.0   1.02492     
  5740.0   1.01993     
  5750.0   1.01578     
  5760.0   1.04547     
  5770.0   0.998339    
  5780.0   0.987542    
  5790.0   0.997508    
  5800.0   1.01163     
  5810.0   1.00249     
  5820.0   1.01744     
  5830.0   1.0191      
  5840.0   1.00831     
  5850.0   1.00914     
  5860.0   0.979236    
  5870.0   0.963455    
  5880.0   1.48721     
  5890.0   0.946013    
  5900.0   0.934385    
  5910.0   0.944352    
  5920.0   0.966777    
  5930.0   0.959302    
  5940.0   0.974252    
  5950.0   0.964286    
  5960.0   0.972591    
  5970.0   0.969269    
  5980.0   0.977575    
  5990.0   0.973422    
  6000.0   0.965116    
  6010.0   0.960963    
  6020.0   0.975083    
  6030.0   0.975914    
  6040.0   0.978405    
  6050.0   0.98505     
  6060.0   0.980897    
  6070.0   0.990033    
  6080.0   0.989203    
  6090.0   0.981728    
  6100.0   0.979236    
  6110.0   0.982558    
  6120.0   0.973422    
  6130.0   0.968439    
  6140.0   0.959302    
  6150.0   0.954319    
  6160.0   0.930233    
  6170.0   0.922757    
  6180.0   0.921927    
  6190.0   0.921927    
  6200.0   0.933555    
  6210.0   0.92608     
  6220.0   0.906977    
  6230.0   0.901993    
  6240.0   0.901163    
  6250.0   0.901993    
  6260.0   0.893688    
  6270.0   0.909468    
  6280.0   0.916113    
  6290.0   0.921096    
  6300.0   1.4201      
  6310.0   1.03355     
  6320.0   0.927741    
  6330.0   0.929402    
  6340.0   0.931063    
  6350.0   0.935216    
  6360.0   0.94103     
  6370.0   0.944352    
  6380.0   0.953488    
  6390.0   0.940199    
  6400.0   0.944352    
  6410.0   0.945183    
  6420.0   0.939369    
  6430.0   0.942691    
  6440.0   0.949336    
  6450.0   0.946013    
  6460.0   0.945183    
  6470.0   0.946013    
  6480.0   0.944352    
  6490.0   0.931063    
  6500.0   0.933555    
  6510.0   0.950166    
  6520.0   0.950166    
  6530.0   0.949336    
  6540.0   0.937708    
  6550.0   0.916944    
  6560.0   12.4037     
  6570.0   0.900332    
  6580.0   5.44518     
  6590.0   0.917774    
  6600.0   0.935216    
  6610.0   0.939369    
  6620.0   0.930233    
  6630.0   0.916113    
  6640.0   0.930233    
  6650.0   0.915282    
  6660.0   0.91113     
  6670.0   0.907807    
  6680.0   1.06096     
  6690.0   0.910299    
  6700.0   0.902824    
  6710.0   0.901993    
  6720.0   3.27575     
  6730.0   2.53488     
  6740.0   0.900332    
  6750.0   0.900332    
  6760.0   0.897841    
  6770.0   0.91113     
  6780.0   0.906977    
  6790.0   0.897841    
  6800.0   0.900332    
  6810.0   0.906977    
  6820.0   0.915282    
  6830.0   0.912791    
  6840.0   0.92608     
  6850.0   0.910299    
  6860.0   0.886213    
  6870.0   0.892857    
  6880.0   0.892027    
  6890.0   0.893688    
  6900.0   0.91113     
  6910.0   0.898671    
  6920.0   0.899502    
  6930.0   0.903654    
  6940.0   0.905316    
  6950.0   0.901993    
  6960.0   0.908638    
  6970.0   0.901993    
  6980.0   0.887043    
  6990.0   0.884551    
  7000.0   0.898671    
  7010.0   0.89701     
  7020.0   0.888704    
  7030.0   0.91113     
  7040.0   0.913621    
  7050.0   0.918605    
  7060.0   0.885382    
  7070.0   0.881229    
  7080.0   0.895349    
  7090.0   0.870432    
  7100.0   0.865449    
  7110.0   0.872093    
  7120.0   0.868771    
  7130.0   0.842193    
  7140.0   1.80357     
  7150.0   0.83887     
  7160.0   0.866279    
  7170.0   0.855482    
  7180.0   0.85299     
  7190.0   0.83887     
  7200.0   0.833056    
  7210.0   0.830565    
  7220.0   0.850498    
  7230.0   0.849668    
  7240.0   0.851329    
  7250.0   0.830565    
  7260.0   0.839701    
  7270.0   0.851329    
  7280.0   0.839701    
  7290.0   0.850498    
  7300.0   0.850498    
  7310.0   0.866279    
  7320.0   0.860465    
  7330.0   1.05282     
  7340.0   0.865449    
  7350.0   0.85299     
  7360.0   0.854651    
  7370.0   0.860465    
  7380.0   0.875415    
  7390.0   0.870432    
  7400.0   0.875415    
  7410.0   0.878738    
  7420.0   0.901163    
  7430.0   0.889535    
  7440.0   0.880399    
  7450.0   0.885382    
  7460.0   0.870432    
  7470.0   0.892857    
  7480.0   0.901163    
  7490.0   0.887874    
  7500.0   0.885382    
  7510.0   0.905316    
  7520.0   0.904485    
  7530.0   0.890365    
  7540.0   0.91113     
  7550.0   0.914452    
  7560.0   0.916113    
  7570.0   0.901993    
  7580.0   0.862957    
  7590.0   0.82093     
  7600.0   0.774751    
  7610.0   0.805814    
  7620.0   0.857973    
  7630.0   0.835548    
  7640.0   0.83887     
  7650.0   0.85299     
  7660.0   0.833056    
  7670.0   0.826744    
  7680.0   0.810465    
  7690.0   0.812458    
  7700.0   0.819934    
  7710.0   0.82691     
  7720.0   0.833887    
  7730.0   0.842193    
  7740.0   0.852159    
  7750.0   0.834718    
  7760.0   0.843854    
  7770.0   0.852159    
  7780.0   0.832226    
  7790.0   0.853821    
  7800.0   0.853821    
  7810.0   0.853821    
  7820.0   0.841362    
  7830.0   0.830482    
  7840.0   0.822259    
  7850.0   0.825498    
  7860.0   0.819103    
  7870.0   0.840532    
  7880.0   0.819352    
  7890.0   0.826495    
  7900.0   0.793688    
  7910.0   0.798173    
  7920.0   0.796678    
  7930.0   0.817027    
  7940.0   0.787791    
  7950.0   0.797259    
  7960.0   0.815947    
  7970.0   0.827326    
  7980.0   0.815282    
  7990.0   0.806645    
  8000.0   0.818771    
  8010.0   0.826661    
  8020.0   0.82201     
  8030.0   0.818106    
  8040.0   0.820266    
  8050.0   0.799917    
  8060.0   0.830565    
  8070.0   0.823256    
  8080.0   0.8201      
  8090.0   0.822757    
  8100.0   0.808223    
  8110.0   0.81985     
  8120.0   0.824419    
  8130.0   0.827824    
  8140.0   0.844684    
  8150.0   0.825997    
  8160.0   0.832226    
  8170.0   0.82201     
  8180.0   0.82201     
  8190.0   0.848837    
  8200.0   0.843854    
  8210.0   0.826661    
  8220.0   0.828239    
  8230.0   0.822508    
  8240.0   0.833056    
  8250.0   0.837209    
  8260.0   0.837209    
  8270.0   0.844684    
  8280.0   0.857973    
  8290.0   0.812625    
  8300.0   0.811877    
  8310.0   0.796096    
  8320.0   0.794103    
  8330.0   0.824502    
  8340.0   0.788289    
  8350.0   0.808804    
  8360.0   0.799917    
  8370.0   0.827907    
  8380.0   0.793854    
  8390.0   0.783306    
  8400.0   0.806977    
  8410.0   0.81113     
  8420.0   0.798173    
  8430.0   0.806312    
  8440.0   0.802326    
  8450.0   0.796013    
  8460.0   0.781894    
  8470.0   0.776246    
  8480.0   0.796927    
  8490.0   0.780066    
  8500.0   0.742359    
  8510.0   0.761213    
  8520.0   0.768522    
  8530.0   0.77309     
  8540.0   0.724668    
  8550.0   0.780565    
  8560.0   0.782309    
  8570.0   0.802824    
  8580.0   0.797425    
  8590.0   0.807558    
  8600.0   0.791445    
  8610.0   0.790947    
  8620.0   0.80789     
  8630.0   0.788621    
  8640.0   0.793355    
  8650.0   0.782973    
  8660.0   0.738704    
  8670.0   0.778405    
  8680.0   0.796761    
  8690.0   0.780814    
  8700.0   0.818439    
  8710.0   0.823837    
  8720.0   0.827243    
  8730.0   0.830316    
  8740.0   0.827575    
  8750.0   0.863638    
  8760.0   0.809884    
  8770.0   0.815365    
  8780.0   0.818522    
  8980.0   0.800914    
  9180.0   0.796927    
  9380.0   0.771678    
  9580.0   0.765199    
  9780.0   0.751246    
  9980.0   0.73588     
  10180.0  0.727658    
  10380.0  0.712292    
  10580.0  0.699336    
  10780.0  0.687791    
  10980.0  0.664784    
  11180.0  0.648588    
  11380.0  0.635714    
  11580.0  0.621512    
  11780.0  0.608555    
  11980.0  0.595183    
  12180.0  0.587625    
  12380.0  0.574419    
  12580.0  0.557973    
  12780.0  0.546179    
  12980.0  0.53912     
  13180.0  0.534053    
  13380.0  0.523339    
  13580.0  0.508472    
  13780.0  0.502741    
  13980.0  0.48804     
  14180.0  0.469934    
  14380.0  0.467525    
  14580.0  0.460382    
  14780.0  0.461047    
  14980.0  0.455066    
  15180.0  0.462708    
  15380.0  0.451993    
  15580.0  0.447259    
  15780.0  0.446761    
  15980.0  0.449751    
  16180.0  0.438704    
  16380.0  0.424834    
  16580.0  0.42309     
  16780.0  0.419601    
  16980.0  0.40515     
  17180.0  0.393023    
  17380.0  0.379651    
  17580.0  0.366279    
  17780.0  0.35407     
  17980.0  0.336545    
  18180.0  0.331395    
  18380.0  0.315864    
  18580.0  0.305731    
  18780.0  0.296346    
  18980.0  0.287043    
  19180.0  0.275166    
  19380.0  0.264286    
  19580.0  0.256977    
  19780.0  0.247093    
  19980.0  0.239037    
  20180.0  0.235216    
  20380.0  0.225498    
  20580.0  0.280997    
  20780.0  0.211047    
  20980.0  0.207392    
  21180.0  0.201412    
  21380.0  0.194767    
  21580.0  0.18912     
  21780.0  0.183638    
  21980.0  0.17799     
  22180.0  0.17309     
  22380.0  0.166944    
  22580.0  0.16304     
  22780.0  0.158472    
  22980.0  0.142857    
  23180.0  0.135631    
  23380.0  0.13015     
  23580.0  0.121013    
  23780.0  0.117027    
  23980.0  0.11603     
  24180.0  0.107143    
  24380.0  0.105233    
  24580.0  0.101163    
  24780.0  0.0992525   
  24980.0  0.0952658   
  25180.0  0.0988372   
  25380.0  0.0947674   
  25580.0  0.0907807   
  25780.0  0.0865449   
  25980.0  0.0879568   
  26180.0  0.0866279   
  26380.0  0.0863787   
  26580.0  0.0820847   
  26780.0  0.0798007   
  26980.0  0.077907    
  27180.0  0.0756977   
  27380.0  0.0748505   
  27580.0  0.0752243   
  27780.0  0.07201     
  27980.0  0.0687292   
  28180.0  0.0674252   
  28380.0  0.0649336   
  28580.0  0.0644601   
  28780.0  0.0661379   
  28980.0  0.0635714   
  29180.0  0.0622924   
  29380.0  0.0609718   
  29580.0  0.0582309   
  29780.0  0.0561877   
  29980.0  0.0562209   
  30180.0  0.0549917   
  30380.0  0.053887    
  30580.0  0.0529734   
  30780.0  0.0492027   
  30980.0  0.0483555   
  31180.0  0.049402    
  31380.0  0.0480399   
  31580.0  0.0483223   
  31780.0  0.046412    
  31980.0  0.0456728   
  32180.0  0.0450831   
  32380.0  0.0430648   
  32580.0  0.0422259   
  32780.0  0.0423837   
  32980.0  0.0413289   
  33180.0  0.0390365   
  33380.0  0.0396512   
  33580.0  0.0390864   
  33780.0  0.0383555   
  33980.0  0.0381312   
  34180.0  0.036088    
  34380.0  0.0356063   
  34580.0  0.0353488   
  34780.0  0.0347508   
  34980.0  0.0336628   
  35180.0  0.0332641   
  35380.0  0.0330814   
  35580.0  0.0323256   
  35780.0  0.0316611   
  35980.0  0.0310714   
  36180.0  0.0303239   
  36380.0  0.0299169   
  36580.0  0.0291777   
  36780.0  0.0288372   
  36980.0  0.0279153   
  37180.0  0.0276661   
  37380.0  0.0271844   
  37580.0  0.0260299   
  37780.0  0.0256894   
  37980.0  0.0255233   
  38180.0  0.0250415   
  38380.0  0.0246761   
  38580.0  0.0239867   
  38780.0  0.0237375   
  38980.0  0.0228738   
  39180.0  0.0227658   
  39380.0  0.0222093   
  39580.0  0.0217525   
  39780.0  0.0214701   
  39980.0  0.0198007   
  40180.0  0.0176578   
  40380.0  0.018588    
  40580.0  0.0167525   
  40780.0  0.0190864   
  40980.0  0.0175083   
  41180.0  0.017309    
  41380.0  0.0167608   
  41580.0  0.0154568   
  41780.0  0.0168854   
  41980.0  0.0165449   
  42180.0  0.015789    
  42380.0  0.0156063   
  42580.0  0.0150415   
  42780.0  0.0140615   
  42980.0  0.0139452   
  43180.0  0.0145847   
  43380.0  0.0133555   
  43580.0  0.0139203   
  43780.0  0.0123588   
  43980.0  0.0125748   
  44180.0  0.0121761   
  44380.0  0.0124419   
  44580.0  0.0118106   
  44780.0  0.0116944   
  44980.0  0.0108721   
  45180.0  0.010897    
  45380.0  0.0098588   
  45580.0  0.0116944   
  45780.0  0.0100498   
  45980.0  0.010814    
  46180.0  0.0103156   
  46380.0  0.00995017  
  46580.0  0.00920266  
  46780.0  0.00930233  
  46980.0  0.00977575  
  47180.0  0.00857973  
  47380.0  0.00903654  
  47580.0  0.00983389  
  47780.0  0.00927741  
  47980.0  0.00879568  
  48180.0  0.00884551  
  48380.0  0.00811462  
  48580.0  0.00830066  
  48780.0  0.00802741  
  48980.0  0.00781811  
  49180.0  0.00771096  
  49380.0  0.00817276  
  49580.0  0.00762458  
  49780.0  0.00732392  
  49980.0  0.00772674  
  50180.0  0.00762957  
  50380.0  0.00729568  
  50580.0  0.00699585  
  50780.0  0.00767774  
  50980.0  0.00668439  
  51180.0  0.00662458  
  51380.0  0.00660963  
  51580.0  0.00649169  
  51780.0  0.00643439  
  51980.0  0.00593189  
  52180.0  0.00596179  
  52380.0  0.0057309   
  52580.0  0.00655814  
  52780.0  0.00595183  
  52980.0  0.00519435  
  53180.0  0.00617691  
  53380.0  0.00594435  
  53580.0  0.0054211   
  53780.0  0.00548422  
  53980.0  0.00565282  
  54180.0  0.00546761  
  54380.0  0.00532807  
  54580.0  0.00569269  
  54780.0  0.00542442  
  54980.0  0.0056902   
  55180.0  0.00550166  
  55380.0  0.00516113  
  55580.0  0.00503156  
  55780.0  0.00478987  
  55980.0  0.00526827  
  56180.0  0.00489203  
  56380.0  0.00496512  
  56580.0  0.00460465  
  56780.0  0.00473837  
  56980.0  0.0049701   
  57180.0  0.00456312  
  57380.0  0.00459551  
  57580.0  0.00443106  
  57780.0  0.00453239  
  57980.0  0.004201    
  58180.0  0.00409302  
  58380.0  0.00458223  
  58580.0  0.00424585  
  58780.0  0.00402159  
  58980.0  0.00396346  
  59180.0  0.00379651  
  59380.0  0.00427741  
  59580.0  0.00412542  
  59780.0  0.00401993  
  59980.0  0.00384884  
  60180.0  0.00385548  
  60380.0  0.00363538  
  60580.0  0.00398339  
  60780.0  0.00388538  
  60980.0  0.00388289  
  61180.0  0.00380648  
  61380.0  0.00365449  
  61580.0  0.00341362  
  61780.0  0.0036387   
  61980.0  0.00359468  
  62180.0  0.00355233  
  62380.0  0.00360714  
  62580.0  0.00355814  
  62780.0  0.00343937  
  62980.0  0.00325664  
  63180.0  0.00331561  
  63380.0  0.00337708  
  63580.0  0.00323339  
  63780.0  0.00314535  
  63980.0  0.0031794   
  64180.0  0.00320598  
  64380.0  0.00319684  
  64580.0  0.00298754  
  64780.0  0.00309635  
  64980.0  0.00306478  
  65180.0  0.00303987  
  65380.0  0.00296512  
  65580.0  0.00284136  
  65780.0  0.00277326  
  65980.0  0.00284219  
  66180.0  0.0028098   
  66380.0  0.00278322  
  66580.0  0.00280814  
  66780.0  0.00277658  
  66980.0  0.00272425  
  67180.0  0.00273007  
  67380.0  0.00265698  
  67580.0  0.00267525  
  67780.0  0.00256894  
  67980.0  0.00253571  
  68180.0  0.00254153  
  68380.0  0.0023887   
  68580.0  0.00235714  
  68780.0  0.00232392  
  68980.0  0.00246262  
  69180.0  0.00223256  
  69380.0  0.00236462  
  69580.0  0.0023887   
  69780.0  0.00220598  
  69980.0  0.00221429  
  70180.0  0.00217276  
  70380.0  0.00229236  
  70580.0  0.00212043  
  70780.0  0.00204568  
  70980.0  0.00205648  
  71180.0  0.00208306  
  71380.0  0.00205648  
  71580.0  0.00208056  
  71780.0  0.00212292  
  71980.0  0.00210216  
  72180.0  0.00194103  
  72380.0  0.00200914  
  72580.0  0.00198173  
  72780.0  0.00185465  
  72980.0  0.00191694  
  73180.0  0.00181063  
  73380.0  0.00186047  
  73580.0  0.0018505   
  73780.0  0.00184801  
  73980.0  0.00182558  
  74180.0  0.00182641  
  74380.0  0.00180066  
  74580.0  0.00179319  
  74780.0  0.00179402  
  74980.0  0.00174419  
  75180.0  0.00165698  
  75380.0  0.00168937  
  75580.0  0.0017201   
  75780.0  0.00166113  
  75980.0  0.00163206  
  76180.0  0.00162874  
  76380.0  0.00163538  
  76580.0  0.00157641  
  76780.0  0.0016005   
  76980.0  0.00155565  
  77180.0  0.00156728  
  77380.0  0.00155066  
  77580.0  0.00147342  
  77780.0  0.0014892   
  77980.0  0.00150997  
  78180.0  0.00143688  
  78380.0  0.00142525  
  78580.0  0.00143937  
  78780.0  0.00143439  
  78980.0  0.00141944  
  79180.0  0.0013804   
  79380.0  0.00137375  
  79580.0  0.00133804  
  79780.0  0.00133472  
  79980.0  0.00133223  
  80180.0  0.00130897  
  80380.0  0.00130482  
  80580.0  0.0013289   
  80780.0  0.00127575  
  80980.0  0.00130066  
  81180.0  0.00125415  
  81380.0  0.00126329  
  81580.0  0.00125914  
  81780.0  0.00119518  
  81980.0  0.00121678  
  82180.0  0.00119601  
  82380.0  0.00119518  
  82580.0  0.00120515  
  82780.0  0.00114867  
  82980.0  0.0011794   
  83180.0  0.00113455  
  83380.0  0.00114286  
  83580.0  0.00113206  
  83780.0  0.00110216  
  83980.0  0.00109551  
  84180.0  0.00108721  
  84380.0  0.00109967  
  84580.0  0.00108472  
  84780.0  0.00103821  
  84980.0  0.00108721  
  85180.0  0.00104734  
  85380.0  0.00104319  
  85580.0  0.00103904  
  85780.0  0.0010108   
  85980.0  9.8505E-4   
  86180.0  0.00100166  
  86380.0  9.83389E-4  
  86580.0  0.00100166  
  86780.0  9.72591E-4  
  86980.0  9.33555E-4  
  87180.0  9.78405E-4  
  87380.0  9.44352E-4  
  87580.0  9.5515E-4   
  87780.0  9.2691E-4   
  87980.0  9.44352E-4  
  88180.0  9.15282E-4  
  88380.0  8.87874E-4  
  88580.0  8.71262E-4  
  88780.0  8.81229E-4  
  88980.0  9.1196E-4   
  89180.0  9.05316E-4  
  89380.0  8.74585E-4  
  89580.0  8.63787E-4  
  89780.0  8.46346E-4  
  89980.0  8.69601E-4  
  90180.0  8.23505E-4  
  90380.0  8.43023E-4  
  90580.0  8.36379E-4  
  90780.0  8.31395E-4  
  90980.0  8.1005E-4   
  91180.0  8.21595E-4  
  91380.0  7.98339E-4  
  91580.0  7.93189E-4  
  91780.0  7.96927E-4  
  91980.0  7.98671E-4  
  92180.0  7.76744E-4  
  92380.0  7.85631E-4  
  92580.0  7.51246E-4  
  92780.0  7.57143E-4  
  92980.0  7.52741E-4  
  93180.0  7.68771E-4  
  93380.0  7.55897E-4  
  93580.0  7.3015E-4   
  93780.0  7.41944E-4  
  93980.0  7.33804E-4  
  94180.0  7.42359E-4  
  94380.0  7.30897E-4  
  94580.0  7.06645E-4  
  94780.0  6.97342E-4  
  94980.0  7.0515E-4   
  95180.0  7.05399E-4  
  95380.0  7.0598E-4   
  95580.0  6.86462E-4  
  95780.0  6.81146E-4  
  95980.0  6.82143E-4  
  96180.0  6.67608E-4  
  96380.0  6.7093E-4   
  96580.0  6.66944E-4  
  96780.0  6.63787E-4  
  96980.0  6.59219E-4  
